Episodes,FirstPlayer,SecondPlayer,Wins,Draws,Losses,Invalids,MeanReward,PartialScore,Score,TrainEpisode,TrainTime,TrainStates,NewTestStates,TotalTestStates,NewEnvStates,EnvAgentStates,SumEnvStates,TestTime,TotalTestTime,alg,env_agent,train_episodes,eval_freq,obs_format,env_exploration_rate,n_envs,gamma,net_arch,filter_size,pad,r_win,r_draw,r_still_playing,r_lose,r_invalid,player_one_char,datetime
2500,DQN,Random,83.36,3.00,13.64,0.00,1.56,71.22,-14.59,4000,0:02:27,2644,88,88,34,34,250,0:00:42,0:03:06,DQN,Random,40000,4000,ONE_HOT,0.0,1,1.0,"[32, 32]",0,0,2,1,0,-1,-2,-,2020-10-29T09:00:57
2500,Random,DQN,54.04,6.24,39.72,0.00,0.75,17.44,-14.59,4000,0:02:27,2644,228,316,131,131,250,0:00:42,0:03:06,DQN,Random,40000,4000,ONE_HOT,0.0,1,1.0,"[32, 32]",0,0,2,1,0,-1,-2,-,2020-10-29T09:00:57
2500,DQN,MinMax,0.00,24.56,75.44,0.00,-0.51,-50.88,-14.59,4000,0:02:27,2644,0,316,9,9,250,0:00:48,0:03:06,DQN,Random,40000,4000,ONE_HOT,0.0,1,1.0,"[32, 32]",0,0,2,1,0,-1,-2,-,2020-10-29T09:00:57
2500,MinMax,DQN,0.00,1.92,98.08,0.00,-0.96,-96.16,-14.59,4000,0:02:27,2644,1,317,76,76,250,0:00:40,0:03:06,DQN,Random,40000,4000,ONE_HOT,0.0,1,1.0,"[32, 32]",0,0,2,1,0,-1,-2,-,2020-10-29T09:00:57
500,DQN,DQN,52.00,0.00,48.00,0.00,0.56,,-14.59,4000,0:02:27,2644,0,317,0,317,250,0:00:12,0:03:06,DQN,Random,40000,4000,ONE_HOT,0.0,1,1.0,"[32, 32]",0,0,2,1,0,-1,-2,-,2020-10-29T09:00:57

2500,DQN,Random,89.96,4.32,5.72,0.00,1.79,86.40,-13.48,8000,0:08:18,3402,92,409,37,71,524,0:00:44,0:02:46,DQN,Random,40000,4000,ONE_HOT,0.0,1,1.0,"[32, 32]",0,0,2,1,0,-1,-2,-,2020-10-29T09:00:57
2500,Random,DQN,70.60,3.40,26.00,0.00,1.19,46.30,-13.48,8000,0:08:18,3402,257,666,146,277,524,0:00:37,0:02:46,DQN,Random,40000,4000,ONE_HOT,0.0,1,1.0,"[32, 32]",0,0,2,1,0,-1,-2,-,2020-10-29T09:00:57
2500,DQN,MinMax,0.00,0.00,100.00,0.00,-1.00,-100.00,-13.48,8000,0:08:18,3402,0,666,3,12,524,0:00:38,0:02:46,DQN,Random,40000,4000,ONE_HOT,0.0,1,1.0,"[32, 32]",0,0,2,1,0,-1,-2,-,2020-10-29T09:00:57
2500,MinMax,DQN,0.00,6.68,93.32,0.00,-0.87,-86.64,-13.48,8000,0:08:18,3402,0,666,88,164,524,0:00:35,0:02:46,DQN,Random,40000,4000,ONE_HOT,0.0,1,1.0,"[32, 32]",0,0,2,1,0,-1,-2,-,2020-10-29T09:00:57
500,DQN,DQN,53.20,0.00,46.80,0.00,0.60,,-13.48,8000,0:08:18,3402,0,666,0,666,524,0:00:10,0:02:46,DQN,Random,40000,4000,ONE_HOT,0.0,1,1.0,"[32, 32]",0,0,2,1,0,-1,-2,-,2020-10-29T09:00:57

2500,DQN,Random,96.60,2.24,1.16,0.00,1.94,96.56,23.58,12000,0:13:54,3584,72,738,23,94,681,0:00:38,0:03:00,DQN,Random,40000,4000,ONE_HOT,0.0,1,1.0,"[32, 32]",0,0,2,1,0,-1,-2,-,2020-10-29T09:00:57
2500,Random,DQN,80.28,4.20,15.52,0.00,1.49,66.86,23.58,12000,0:13:54,3584,82,820,65,342,681,0:00:38,0:03:00,DQN,Random,40000,4000,ONE_HOT,0.0,1,1.0,"[32, 32]",0,0,2,1,0,-1,-2,-,2020-10-29T09:00:57
2500,DQN,MinMax,0.00,48.40,51.60,0.00,-0.03,-3.20,23.58,12000,0:13:54,3584,0,820,12,24,681,0:00:53,0:03:00,DQN,Random,40000,4000,ONE_HOT,0.0,1,1.0,"[32, 32]",0,0,2,1,0,-1,-2,-,2020-10-29T09:00:57
2500,MinMax,DQN,0.00,17.04,82.96,0.00,-0.66,-65.92,23.58,12000,0:13:54,3584,1,821,57,221,681,0:00:39,0:03:00,DQN,Random,40000,4000,ONE_HOT,0.0,1,1.0,"[32, 32]",0,0,2,1,0,-1,-2,-,2020-10-29T09:00:57
500,DQN,DQN,52.80,0.00,47.20,0.00,0.58,,23.58,12000,0:13:54,3584,0,821,0,821,681,0:00:10,0:03:00,DQN,Random,40000,4000,ONE_HOT,0.0,1,1.0,"[32, 32]",0,0,2,1,0,-1,-2,-,2020-10-29T09:00:57

2500,DQN,Random,97.44,1.68,0.88,0.00,1.96,97.40,27.98,16000,0:19:44,3647,23,844,8,102,752,0:00:39,0:03:00,DQN,Random,40000,4000,ONE_HOT,0.0,1,1.0,"[32, 32]",0,0,2,1,0,-1,-2,-,2020-10-29T09:00:57
2500,Random,DQN,85.12,2.64,12.24,0.00,1.61,74.20,27.98,16000,0:19:44,3647,32,876,30,372,752,0:00:38,0:03:00,DQN,Random,40000,4000,ONE_HOT,0.0,1,1.0,"[32, 32]",0,0,2,1,0,-1,-2,-,2020-10-29T09:00:57
2500,DQN,MinMax,0.00,49.56,50.44,0.00,-0.01,-0.88,27.98,16000,0:19:44,3647,0,876,4,28,752,0:00:51,0:03:00,DQN,Random,40000,4000,ONE_HOT,0.0,1,1.0,"[32, 32]",0,0,2,1,0,-1,-2,-,2020-10-29T09:00:57
2500,MinMax,DQN,0.00,20.60,79.40,0.00,-0.59,-58.80,27.98,16000,0:19:44,3647,0,876,29,250,752,0:00:39,0:03:00,DQN,Random,40000,4000,ONE_HOT,0.0,1,1.0,"[32, 32]",0,0,2,1,0,-1,-2,-,2020-10-29T09:00:57
500,DQN,DQN,50.60,0.00,49.40,0.00,0.52,,27.98,16000,0:19:44,3647,0,876,0,876,752,0:00:10,0:03:00,DQN,Random,40000,4000,ONE_HOT,0.0,1,1.0,"[32, 32]",0,0,2,1,0,-1,-2,-,2020-10-29T09:00:57

2500,DQN,Random,95.04,1.84,3.12,0.00,1.89,92.84,15.31,20000,0:25:34,3702,32,908,17,119,903,0:00:38,0:02:51,DQN,Random,40000,4000,ONE_HOT,0.0,1,1.0,"[32, 32]",0,0,2,1,0,-1,-2,-,2020-10-29T09:00:57
2500,Random,DQN,83.84,4.44,11.72,0.00,1.60,74.34,15.31,20000,0:25:34,3702,94,1002,67,439,903,0:00:37,0:02:51,DQN,Random,40000,4000,ONE_HOT,0.0,1,1.0,"[32, 32]",0,0,2,1,0,-1,-2,-,2020-10-29T09:00:57
2500,DQN,MinMax,0.00,25.88,74.12,0.00,-0.48,-48.24,15.31,20000,0:25:34,3702,0,1002,10,38,903,0:00:45,0:02:51,DQN,Random,40000,4000,ONE_HOT,0.0,1,1.0,"[32, 32]",0,0,2,1,0,-1,-2,-,2020-10-29T09:00:57
2500,MinMax,DQN,0.00,21.16,78.84,0.00,-0.58,-57.68,15.31,20000,0:25:34,3702,1,1003,57,307,903,0:00:38,0:02:51,DQN,Random,40000,4000,ONE_HOT,0.0,1,1.0,"[32, 32]",0,0,2,1,0,-1,-2,-,2020-10-29T09:00:57
500,DQN,DQN,52.40,0.00,47.60,0.00,0.57,,15.31,20000,0:25:34,3702,0,1003,0,1003,903,0:00:10,0:02:51,DQN,Random,40000,4000,ONE_HOT,0.0,1,1.0,"[32, 32]",0,0,2,1,0,-1,-2,-,2020-10-29T09:00:57

2500,DQN,Random,97.20,1.28,1.52,0.00,1.94,96.32,27.89,24000,0:31:18,3771,20,1023,9,128,948,0:00:40,0:02:56,DQN,Random,40000,4000,ONE_HOT,0.0,1,1.0,"[32, 32]",0,0,2,1,0,-1,-2,-,2020-10-29T09:00:57
2500,Random,DQN,85.24,2.76,12.00,0.00,1.61,74.62,27.89,24000,0:31:18,3771,15,1038,14,453,948,0:00:37,0:02:56,DQN,Random,40000,4000,ONE_HOT,0.0,1,1.0,"[32, 32]",0,0,2,1,0,-1,-2,-,2020-10-29T09:00:57
2500,DQN,MinMax,0.00,48.88,51.12,0.00,-0.02,-2.24,27.89,24000,0:31:18,3771,0,1038,6,44,948,0:00:48,0:02:56,DQN,Random,40000,4000,ONE_HOT,0.0,1,1.0,"[32, 32]",0,0,2,1,0,-1,-2,-,2020-10-29T09:00:57
2500,MinMax,DQN,0.00,21.44,78.56,0.00,-0.57,-57.12,27.89,24000,0:31:18,3771,0,1038,16,323,948,0:00:37,0:02:56,DQN,Random,40000,4000,ONE_HOT,0.0,1,1.0,"[32, 32]",0,0,2,1,0,-1,-2,-,2020-10-29T09:00:57
500,DQN,DQN,51.20,0.00,48.80,0.00,0.54,,27.89,24000,0:31:18,3771,0,1038,0,1038,948,0:00:12,0:02:56,DQN,Random,40000,4000,ONE_HOT,0.0,1,1.0,"[32, 32]",0,0,2,1,0,-1,-2,-,2020-10-29T09:00:57

2500,DQN,Random,97.88,1.24,0.88,0.00,1.96,97.62,34.19,28000,0:37:02,3819,28,1066,12,140,1027,0:00:39,0:03:02,DQN,Random,40000,4000,ONE_HOT,0.0,1,1.0,"[32, 32]",0,0,2,1,0,-1,-2,-,2020-10-29T09:00:57
2500,Random,DQN,85.00,3.36,11.64,0.00,1.62,75.04,34.19,28000,0:37:02,3819,63,1129,35,488,1027,0:00:37,0:03:02,DQN,Random,40000,4000,ONE_HOT,0.0,1,1.0,"[32, 32]",0,0,2,1,0,-1,-2,-,2020-10-29T09:00:57
2500,DQN,MinMax,0.00,50.52,49.48,0.00,0.01,1.04,34.19,28000,0:37:02,3819,0,1129,6,50,1027,0:00:54,0:03:02,DQN,Random,40000,4000,ONE_HOT,0.0,1,1.0,"[32, 32]",0,0,2,1,0,-1,-2,-,2020-10-29T09:00:57
2500,MinMax,DQN,0.00,31.52,68.48,0.00,-0.37,-36.96,34.19,28000,0:37:02,3819,1,1130,26,349,1027,0:00:40,0:03:02,DQN,Random,40000,4000,ONE_HOT,0.0,1,1.0,"[32, 32]",0,0,2,1,0,-1,-2,-,2020-10-29T09:00:57
500,DQN,DQN,50.60,0.00,49.40,0.00,0.52,,34.19,28000,0:37:02,3819,0,1130,0,1130,1027,0:00:10,0:03:02,DQN,Random,40000,4000,ONE_HOT,0.0,1,1.0,"[32, 32]",0,0,2,1,0,-1,-2,-,2020-10-29T09:00:57

2500,DQN,Random,97.68,2.12,0.20,0.00,1.97,98.54,48.33,32000,0:42:54,3867,43,1173,18,158,1122,0:00:42,0:03:07,DQN,Random,40000,4000,ONE_HOT,0.0,1,1.0,"[32, 32]",0,0,2,1,0,-1,-2,-,2020-10-29T09:00:57
2500,Random,DQN,86.20,4.52,9.28,0.00,1.68,79.18,48.33,32000,0:42:54,3867,38,1211,35,523,1122,0:00:37,0:03:07,DQN,Random,40000,4000,ONE_HOT,0.0,1,1.0,"[32, 32]",0,0,2,1,0,-1,-2,-,2020-10-29T09:00:57
2500,DQN,MinMax,0.00,74.48,25.52,0.00,0.49,48.96,48.33,32000,0:42:54,3867,0,1211,8,58,1122,0:00:56,0:03:07,DQN,Random,40000,4000,ONE_HOT,0.0,1,1.0,"[32, 32]",0,0,2,1,0,-1,-2,-,2020-10-29T09:00:57
2500,MinMax,DQN,0.00,33.32,66.68,0.00,-0.33,-33.36,48.33,32000,0:42:54,3867,0,1211,34,383,1122,0:00:39,0:03:07,DQN,Random,40000,4000,ONE_HOT,0.0,1,1.0,"[32, 32]",0,0,2,1,0,-1,-2,-,2020-10-29T09:00:57
500,DQN,DQN,48.60,0.00,51.40,0.00,0.46,,48.33,32000,0:42:54,3867,0,1211,0,1211,1122,0:00:10,0:03:07,DQN,Random,40000,4000,ONE_HOT,0.0,1,1.0,"[32, 32]",0,0,2,1,0,-1,-2,-,2020-10-29T09:00:57

2500,DQN,Random,96.68,1.56,1.76,0.00,1.93,95.70,55.23,36000,0:48:53,3900,26,1237,14,172,1173,0:00:40,0:03:04,DQN,Random,40000,4000,ONE_HOT,0.0,1,1.0,"[32, 32]",0,0,2,1,0,-1,-2,-,2020-10-29T09:00:57
2500,Random,DQN,87.04,3.84,9.12,0.00,1.69,79.84,55.23,36000,0:48:53,3900,12,1249,19,542,1173,0:00:37,0:03:04,DQN,Random,40000,4000,ONE_HOT,0.0,1,1.0,"[32, 32]",0,0,2,1,0,-1,-2,-,2020-10-29T09:00:57
2500,DQN,MinMax,0.00,77.12,22.88,0.00,0.54,54.24,55.23,36000,0:48:53,3900,0,1249,4,62,1173,0:00:54,0:03:04,DQN,Random,40000,4000,ONE_HOT,0.0,1,1.0,"[32, 32]",0,0,2,1,0,-1,-2,-,2020-10-29T09:00:57
2500,MinMax,DQN,0.00,45.56,54.44,0.00,-0.09,-8.88,55.23,36000,0:48:53,3900,0,1249,14,397,1173,0:00:41,0:03:04,DQN,Random,40000,4000,ONE_HOT,0.0,1,1.0,"[32, 32]",0,0,2,1,0,-1,-2,-,2020-10-29T09:00:57
500,DQN,DQN,44.80,0.00,55.20,0.00,0.34,,55.23,36000,0:48:53,3900,0,1249,0,1249,1173,0:00:10,0:03:04,DQN,Random,40000,4000,ONE_HOT,0.0,1,1.0,"[32, 32]",0,0,2,1,0,-1,-2,-,2020-10-29T09:00:57

2500,DQN,Random,98.12,0.88,1.00,0.00,1.96,97.56,37.69,40000,0:54:49,3930,71,1320,20,192,1284,0:00:37,0:02:58,DQN,Random,40000,4000,ONE_HOT,0.0,1,1.0,"[32, 32]",0,0,2,1,0,-1,-2,-,2020-10-29T09:00:57
2500,Random,DQN,84.40,2.44,13.16,0.00,1.58,72.46,37.69,40000,0:54:49,3930,118,1438,60,602,1284,0:00:36,0:02:58,DQN,Random,40000,4000,ONE_HOT,0.0,1,1.0,"[32, 32]",0,0,2,1,0,-1,-2,-,2020-10-29T09:00:57
2500,DQN,MinMax,0.00,74.88,25.12,0.00,0.50,49.76,37.69,40000,0:54:49,3930,0,1438,9,71,1284,0:00:54,0:02:58,DQN,Random,40000,4000,ONE_HOT,0.0,1,1.0,"[32, 32]",0,0,2,1,0,-1,-2,-,2020-10-29T09:00:57
2500,MinMax,DQN,0.00,15.48,84.52,0.00,-0.69,-69.04,37.69,40000,0:54:49,3930,0,1438,22,419,1284,0:00:37,0:02:58,DQN,Random,40000,4000,ONE_HOT,0.0,1,1.0,"[32, 32]",0,0,2,1,0,-1,-2,-,2020-10-29T09:00:57
500,DQN,DQN,50.40,0.00,49.60,0.00,0.51,,37.69,40000,0:54:49,3930,0,1438,0,1438,1284,0:00:11,0:02:58,DQN,Random,40000,4000,ONE_HOT,0.0,1,1.0,"[32, 32]",0,0,2,1,0,-1,-2,-,2020-10-29T09:00:57

